word,Codes,IncelTears,IncelsInAction,Truefemcels,BrainCels,MGTOW,IncelsWithoutHate,badwomensanatomy
normaloid,CoH,0.0,0.0,5.56,94.44,0.0,0.0,0.0
normaloids,CoH,0.0,0.0,0.0,100.0,0.0,0.0,0.0
normiebook,CoH,0.0,0.0,0.0,92.31,7.69,0.0,0.0
normiedom,CoH,3.45,0.0,10.34,75.86,0.0,10.34,0.0
normieland,CoH,0.0,0.0,5.88,88.24,5.88,0.0,0.0
normo,CoH,20.0,0.0,0.0,80.0,0.0,0.0,0.0
normoid,CoH,0.0,0.0,0.0,100.0,0.0,0.0,0.0
normoids,CoH,0.0,2.22,0.0,97.78,0.0,0.0,0.0
normscum,CoH,7.69,0.0,0.0,92.31,0.0,0.0,0.0
normshit,CoH,5.36,0.0,0.0,92.86,0.0,1.79,0.0
normshits,CoH,2.56,0.0,0.0,92.31,1.28,3.85,0.0
normtard,CoH,0.0,0.0,0.0,98.72,0.0,1.28,0.0
normtards,CoH,1.08,0.0,0.0,98.92,0.0,0.0,0.0
normtroopers,CoH,0.0,0.0,0.0,100.0,0.0,0.0,0.0
normy,CoH,12.0,0.0,2.0,56.0,2.0,28.0,0.0
nwalt,CoH,0.0,0.0,0.0,15.38,84.62,0.0,0.0
reeee,CoH,7.1,0.0,4.37,55.19,32.24,0.55,0.55
reeeee,CoH,10.8,0.0,3.76,44.13,38.03,2.82,0.47
reeeeeeeeeeeeeeeeeeeee,CoH,0.0,0.0,0.0,96.43,3.57,0.0,0.0
reeeeeeeeeeeeeeeeeeeeeeeeeee,CoH,0.0,0.0,0.0,66.67,25.0,8.33,0.0
reeeeeing,CoH,10.0,0.0,0.0,40.0,50.0,0.0,0.0
reeeeing,CoH,0.0,0.0,0.0,53.33,46.67,0.0,0.0
wagecuck,CoH,3.55,0.59,0.0,84.02,7.69,4.14,0.0
wagecucking,CoH,0.97,0.0,0.0,93.2,2.91,2.91,0.0
wagecucks,CoH,2.7,0.0,0.0,81.08,16.22,0.0,0.0
wageslave,CoH,2.58,0.0,0.0,75.26,21.13,1.03,0.0
wageslaves,CoH,4.88,0.0,0.0,65.85,24.39,4.88,0.0
wageslaving,CoH,3.1,0.0,0.78,87.6,6.2,2.33,0.0
wagie,CoH,0.0,0.0,0.0,91.67,8.33,0.0,0.0
alphadestiny,CoM,0.0,0.0,0.0,95.65,4.35,0.0,0.0
alphafux,CoM,0.0,0.0,0.0,19.15,80.85,0.0,0.0
alphaness,CoM,0.0,0.0,0.0,14.63,84.15,1.22,0.0
amalt,CoM,0.54,0.0,13.59,8.15,76.09,1.63,0.0
asianmasculinity,CoM,7.69,0.0,0.0,92.31,0.0,0.0,0.0
babebux,CoM,0.0,0.0,88.24,5.88,5.88,0.0,0.0
betabux,CoM,5.75,0.0,1.77,72.41,18.68,1.4,0.0
betabuxing,CoM,3.7,0.0,2.22,86.67,6.67,0.74,0.0
betabuxxes,CoM,0.0,0.0,0.0,94.44,0.0,5.56,0.0
betabuxxing,CoM,1.61,0.0,6.43,85.94,2.41,3.61,0.0
betafag,CoM,0.0,0.0,0.0,58.33,33.33,8.33,0.0
betafied,CoM,0.0,0.0,0.0,5.56,94.44,0.0,0.0
betamale,CoM,15.79,0.0,0.0,31.58,47.37,5.26,0.0
betamales,CoM,0.0,0.0,0.0,38.46,53.85,7.69,0.0
betaness,CoM,0.0,0.0,0.0,17.24,82.76,0.0,0.0
bitchboy,CoM,0.0,0.0,0.0,62.5,37.5,0.0,0.0
broscience,CoM,8.11,0.0,2.7,21.62,56.76,0.0,10.81
bugman,CoM,0.0,0.0,0.0,100.0,0.0,0.0,0.0
bugmen,CoM,0.0,0.0,0.0,75.0,25.0,0.0,0.0
bukake,CoM,0.0,0.0,0.0,11.11,88.89,0.0,0.0
buxed,CoM,9.09,0.0,0.0,72.73,18.18,0.0,0.0
buxes,CoM,0.0,0.0,0.0,60.0,40.0,0.0,0.0
buxx,CoM,0.0,0.0,2.03,89.85,6.6,1.52,0.0
buxxed,CoM,0.0,0.0,8.7,86.96,4.35,0.0,0.0
chadbro,CoM,0.0,0.0,0.0,83.33,16.67,0.0,0.0
chadcels,CoM,5.56,0.0,0.0,86.11,5.56,2.78,0.0
chadcock,CoM,5.88,0.0,0.0,64.71,29.41,0.0,0.0
chaddam,CoM,0.0,0.0,0.92,98.17,0.92,0.0,0.0
chaddams,CoM,0.0,0.0,2.5,97.5,0.0,0.0,0.0
chadded,CoM,10.0,0.0,0.0,70.0,20.0,0.0,0.0
chadder,CoM,0.0,0.0,0.0,25.0,75.0,0.0,0.0
chaddest,CoM,9.62,0.0,1.92,51.92,36.54,0.0,0.0
chaddier,CoM,0.0,0.0,3.57,28.57,64.29,3.57,0.0
chaddiest,CoM,1.85,0.0,0.0,62.96,31.48,3.7,0.0
chadding,CoM,0.0,0.0,4.35,13.04,82.61,0.0,0.0
chaddington,CoM,0.0,0.0,0.0,62.5,37.5,0.0,0.0
chadhood,CoM,6.67,0.0,0.0,73.33,20.0,0.0,0.0
chadlet,CoM,0.0,0.0,1.64,90.16,3.28,4.92,0.0
chadlight,CoM,0.0,0.0,0.0,100.0,0.0,0.0,0.0
chadlike,CoM,3.03,0.0,0.0,69.7,18.18,9.09,0.0
chadlite,CoM,1.27,0.0,1.73,94.28,1.21,1.5,0.0
chadlites,CoM,0.92,0.0,2.6,94.19,1.07,1.22,0.0
chadly,CoM,14.47,0.0,0.0,50.0,35.53,0.0,0.0
chadness,CoM,3.92,0.0,0.0,52.94,43.14,0.0,0.0
chadstralia,CoM,0.0,0.0,0.0,100.0,0.0,0.0,0.0
chadullah,CoM,3.45,0.0,0.0,86.21,10.34,0.0,0.0
christcucks,CoM,0.0,0.0,0.0,80.0,20.0,0.0,0.0
chuds,CoM,14.29,0.0,0.0,57.14,28.57,0.0,0.0
cuckada,CoM,0.0,0.0,0.0,30.43,69.57,0.0,0.0
cuckage,CoM,5.56,0.0,0.0,61.11,33.33,0.0,0.0
cuckboi,CoM,0.0,0.0,0.0,35.71,64.29,0.0,0.0
cuckbook,CoM,0.0,0.0,0.0,0.0,100.0,0.0,0.0
cuckboys,CoM,0.0,0.0,0.0,62.5,37.5,0.0,0.0
cuckcel,CoM,3.23,0.0,0.0,96.77,0.0,0.0,0.0
cuckdom,CoM,0.0,0.0,0.0,20.97,79.03,0.0,0.0
cuckening,CoM,0.0,0.0,0.0,21.95,78.05,0.0,0.0
cucker,CoM,0.0,0.0,0.0,12.5,87.5,0.0,0.0
cuckery,CoM,0.72,0.0,0.0,27.88,70.67,0.72,0.0
cuckface,CoM,0.0,0.0,0.0,3.85,96.15,0.0,0.0
cuckfest,CoM,3.23,0.0,0.0,9.68,87.1,0.0,0.0
cuckfestus,CoM,0.0,0.0,0.0,100.0,0.0,0.0,0.0
cuckiest,CoM,11.11,0.0,0.0,22.22,66.67,0.0,0.0
cuckifornia,CoM,0.0,0.0,0.0,0.0,100.0,0.0,0.0
cuckin,CoM,0.0,0.0,0.0,46.15,53.85,0.0,0.0
cuckington,CoM,0.0,0.0,0.0,30.0,70.0,0.0,0.0
cuckish,CoM,0.0,0.0,0.0,25.64,74.36,0.0,0.0
cuckism,CoM,5.56,0.0,0.0,22.22,72.22,0.0,0.0
cuckistan,CoM,0.0,0.0,0.0,6.12,93.88,0.0,0.0
cuckit,CoM,0.0,0.0,0.0,50.0,50.0,0.0,0.0
cuckland,CoM,0.0,0.0,0.0,30.77,69.23,0.0,0.0
cucklord,CoM,0.0,0.0,0.0,20.83,79.17,0.0,0.0
cucklords,CoM,0.0,0.0,0.0,31.58,68.42,0.0,0.0
cucknada,CoM,0.0,0.0,0.0,3.03,96.97,0.0,0.0
cuckness,CoM,0.0,0.0,0.0,25.81,74.19,0.0,0.0
cuckoldery,CoM,0.0,0.0,3.33,26.67,70.0,0.0,0.0
cucks,CoM,2.11,0.0,0.28,33.23,63.69,0.66,0.03
cucktear,CoM,10.53,0.0,0.0,89.47,0.0,0.0,0.0
cucktears,CoM,6.32,0.0,0.22,90.41,2.83,0.22,0.0
cucky,CoM,0.93,0.0,0.0,29.63,69.44,0.0,0.0
cux,CoM,10.0,0.0,0.0,40.0,50.0,0.0,0.0
fakecel,CoM,2.52,0.0,0.97,93.03,0.17,3.32,0.0
fakecels,CoM,2.12,0.0,1.84,90.43,0.18,5.43,0.0
femboy,CoM,18.18,0.0,9.09,59.09,13.64,0.0,0.0
femboys,CoM,31.58,0.0,0.0,36.84,21.05,5.26,5.26
gentlesir,CoM,9.09,0.0,4.55,68.18,18.18,0.0,0.0
gigacuck,CoM,0.0,0.0,0.0,100.0,0.0,0.0,0.0
knightery,CoM,0.0,0.0,0.0,0.0,100.0,0.0,0.0
kunfidence,CoM,5.26,0.0,5.26,73.68,5.26,10.53,0.0
madlad,CoM,0.0,0.0,0.0,42.86,57.14,0.0,0.0
madlads,CoM,0.0,0.0,0.0,50.0,50.0,0.0,0.0
maginas,CoM,0.0,0.0,0.0,0.0,100.0,0.0,0.0
manginas,CoM,0.08,0.0,0.0,0.7,99.18,0.04,0.0
megachad,CoM,2.33,0.0,2.33,37.21,58.14,0.0,0.0
mlady,CoM,0.0,0.0,0.0,55.0,40.0,5.0,0.0
neomasculinity,CoM,0.0,0.0,0.0,2.33,97.67,0.0,0.0
nonchad,CoM,0.0,0.0,0.0,80.95,19.05,0.0,0.0
nonchads,CoM,0.0,0.0,5.0,80.0,15.0,0.0,0.0
normalfag,CoM,6.25,1.04,1.04,87.5,2.08,2.08,0.0
normalfags,CoM,0.0,0.0,0.0,92.76,3.95,3.29,0.0
normcuck,CoM,0.0,0.0,0.0,100.0,0.0,0.0,0.0
normcucks,CoM,3.28,0.0,0.0,91.8,3.28,0.0,1.64
numale,CoM,1.77,0.1,1.28,92.72,3.54,0.59,0.0
poolboy,CoM,0.0,0.0,0.0,73.33,26.67,0.0,0.0
reviewbrah,CoM,0.0,0.0,0.0,75.0,0.0,25.0,0.0
simpathy,CoM,2.56,0.0,0.0,5.13,89.74,2.56,0.0
simped,CoM,0.0,0.0,0.84,3.36,95.8,0.0,0.0
simpery,CoM,0.0,0.0,0.0,5.26,94.74,0.0,0.0
simphood,CoM,0.0,0.0,0.0,0.0,100.0,0.0,0.0
simpiest,CoM,0.0,0.0,0.0,0.0,100.0,0.0,0.0
simpin,CoM,0.0,0.0,0.0,5.66,94.34,0.0,0.0
simping,CoM,0.23,0.0,0.0,2.18,97.25,0.34,0.0
simpish,CoM,0.0,0.0,0.0,2.5,97.5,0.0,0.0
simpness,CoM,0.0,0.0,0.0,0.0,100.0,0.0,0.0
soiboi,CoM,0.0,0.0,0.0,35.29,52.94,11.76,0.0
soibois,CoM,0.0,0.0,0.0,0.0,93.33,6.67,0.0
soyboi,CoM,0.0,0.0,0.0,40.0,50.0,10.0,0.0
soyboy,CoM,1.74,0.0,0.61,55.6,40.54,1.51,0.0
soyboys,CoM,1.9,0.24,0.59,51.31,45.49,0.48,0.0
soyface,Com,14.29,0.0,0.0,57.14,28.57,0.0,0.0
soyim,CoM,0.0,0.0,0.0,50.0,50.0,0.0,0.0
soys,CoM,2.33,0.0,0.0,65.12,32.56,0.0,0.0
subchad,CoM,7.14,0.0,0.0,85.71,7.14,0.0,0.0
superchad,CoM,17.39,0.0,0.0,21.74,60.87,0.0,0.0
terachad,CoM,0.0,0.0,0.0,80.0,20.0,0.0,0.0
terrachad,CoM,0.0,0.0,0.0,100.0,0.0,0.0,0.0
turbochad,CoM,5.88,0.0,0.0,70.59,23.53,0.0,0.0
turbomanlets,CoM,0.0,0.0,0.0,100.0,0.0,0.0,0.0
uberchad,CoM,4.55,0.0,0.0,54.55,40.91,0.0,0.0
ultracock,CoM,0.0,0.0,0.0,0.0,0.0,0.0,100.0
uncuck,CoM,0.0,0.0,0.0,24.14,75.86,0.0,0.0
uncucked,CoM,0.0,0.0,0.0,49.14,50.86,0.0,0.0
whiteknighted,CoM,0.0,0.0,0.0,42.11,52.63,5.26,0.0
whiteknighting,CoM,4.44,0.44,3.11,37.33,52.44,2.22,0.0
whitenights,CoM,0.0,0.0,0.0,22.22,77.78,0.0,0.0
amog,CoM ,7.14,0.0,0.71,18.57,73.57,0.0,0.0
amoging,CoM ,0.0,0.0,0.0,0.0,92.31,7.69,0.0
amogs,CoM ,25.0,0.0,0.0,25.0,50.0,0.0,0.0
askcucks,CoM ,0.0,0.0,0.0,4.35,95.65,0.0,0.0
chadpreet,CoM ,0.68,0.0,0.68,97.97,0.0,0.68,0.0
chadpreets,CoM ,1.14,0.0,0.0,98.86,0.0,0.0,0.0
chadriguez,CoM ,0.0,0.0,0.0,82.76,0.0,17.24,0.0
chadrone,CoM ,0.0,0.0,0.0,47.83,52.17,0.0,0.0
changlite,CoM ,0.0,0.0,0.0,96.3,3.7,0.0,0.0
chinmogs,CoM ,,,,,,,
cuckqueers,CoM ,13.04,0.0,0.0,86.96,0.0,0.0,0.0
cuckservative,CoM ,1.49,0.0,0.0,13.43,85.07,0.0,0.0
cuckservatives,CoM ,0.0,0.0,0.0,9.68,89.25,1.08,0.0
gigachang,CoM ,0.0,0.0,0.0,100.0,0.0,0.0,0.0
libcuck,CoM ,0.0,0.0,0.0,37.5,62.5,0.0,0.0
aloners,DEP,6.06,0.0,3.03,27.27,63.64,0.0,0.0
oneitis,DEP,1.65,0.0,0.5,48.0,48.5,1.35,0.0
oneitus,DEP,0.0,0.0,2.33,23.26,69.77,4.65,0.0
onenitis,DEP,0.0,0.0,0.0,25.0,75.0,0.0,0.0
onision,DEP,0.0,0.0,0.0,11.11,88.89,0.0,0.0
onitis,DEP,0.0,0.0,20.0,25.0,55.0,0.0,0.0
permavirgin,DEP,13.04,0.0,0.0,79.71,5.8,1.45,0.0
relationshit,DEP,0.2,0.0,0.39,2.74,96.48,0.2,0.0
relationshits,DEP,0.0,0.0,0.21,1.9,97.89,0.0,0.0
sadboy,DEP,0.0,0.0,8.33,66.67,16.67,8.33,0.0
sadcringe,DEP,30.56,2.78,0.0,47.22,16.67,0.0,2.78
sexlessness,DEP,22.03,0.0,0.0,57.63,10.17,10.17,0.0
womanless,DEP,0.0,0.0,0.0,7.14,92.86,0.0,0.0
faers,DEP ,23.53,0.0,5.88,35.29,35.29,0.0,0.0
foreveraloners,DEP ,0.0,0.0,4.76,23.81,66.67,0.0,4.76
handholdless,DEP ,9.09,0.0,7.95,72.73,0.0,10.23,0.0
himtoo,DEP ,0.0,0.0,0.0,0.0,95.0,5.0,0.0
hugless,DEP ,12.6,0.0,12.6,67.72,0.79,6.3,0.0
iwh,DEP ,33.33,0.0,0.0,0.0,0.0,66.67,0.0
khhv,DEP ,5.43,0.0,9.78,78.62,0.72,5.43,0.0
khv,DEP ,4.55,0.0,8.18,76.36,2.73,8.18,0.0
kissless,DEP ,11.35,0.0,5.12,64.63,10.68,8.12,0.11
loserdom,DEP ,12.5,0.0,0.0,12.5,75.0,0.0,0.0
loveshy,DEP ,33.33,0.0,0.0,57.58,3.03,6.06,0.0
subhumanity,DEP ,2.59,0.52,1.04,92.75,1.55,1.55,0.0
talkless,DEP ,14.29,0.0,9.52,61.9,14.29,0.0,0.0
tfler,DEP ,0.0,0.0,0.0,6.25,90.62,3.12,0.0
tflers,DEP ,1.32,0.0,0.0,3.95,92.11,2.63,0.0
tressless,DEP ,0.0,0.0,0.0,72.73,27.27,0.0,0.0
waifuism,DEP ,35.71,0.0,7.14,7.14,50.0,0.0,0.0
wifu,DEP ,0.0,0.0,10.0,20.0,60.0,10.0,0.0
adalt,DET,0.0,0.0,0.0,0.0,100.0,0.0,0.0
agepill,DET,0.0,0.0,24.24,75.76,0.0,0.0,0.0
alwalt,DET,0.0,0.0,0.0,10.53,89.47,0.0,0.0
awalt,DET,0.25,0.0,0.15,4.86,94.45,0.28,0.01
blackpill,DET,9.2,0.05,0.64,83.45,3.22,3.44,0.0
blackpilled,DET,4.48,0.0,0.9,88.62,3.55,2.46,0.0
blackpilling,DET,10.65,0.0,0.0,84.62,4.73,0.0,0.0
blackpills,DET,5.26,0.15,0.58,87.45,4.96,1.61,0.0
bluepill,DET,2.56,0.0,0.77,25.9,69.75,0.95,0.07
bluepilled,DET,2.64,0.0,1.51,63.5,30.77,1.59,0.0
bluepilling,DET,3.45,0.0,6.9,62.07,27.59,0.0,0.0
bluepills,DET,1.56,0.0,1.17,18.36,78.52,0.39,0.0
bper,DET,5.0,0.0,0.0,5.0,90.0,0.0,0.0
briffaults,DET,0.0,0.0,0.0,11.76,88.24,0.0,0.0
copulin,DET,,,,,,,
copulins,DET,0.0,0.0,0.0,0.0,100.0,0.0,0.0
cursedcel,DET,5.56,0.0,0.0,94.44,0.0,0.0,0.0
femceldom,DET,0.0,0.0,94.02,5.13,0.0,0.85,0.0
hypergamic,DET,0.0,0.0,0.0,23.81,75.0,1.19,0.0
hypergamists,DET,0.0,0.0,0.0,15.38,84.62,0.0,0.0
hypergamous,DET,1.98,0.0,2.61,25.51,69.08,0.81,0.0
hypergamously,DET,0.0,0.0,0.0,11.11,88.89,0.0,0.0
hypoagency,DET,0.0,0.0,0.0,4.08,95.92,0.0,0.0
inceldom,DET,14.41,0.17,2.31,71.16,1.48,10.41,0.06
incelhalla,DET,1.56,0.0,0.0,96.88,0.0,1.56,0.0
incelhood,DET,3.7,0.0,3.7,31.48,3.7,57.41,0.0
incelibacy,DET,25.0,5.77,1.92,59.62,1.92,5.77,0.0
incelibate,DET,12.28,1.75,5.26,78.95,1.75,0.0,0.0
incelish,DET,64.29,0.0,7.14,14.29,14.29,0.0,0.0
incelly,DET,55.0,0.0,5.0,30.0,5.0,5.0,0.0
incelness,DET,15.15,0.0,3.03,72.73,3.03,6.06,0.0
maledom,DET,8.33,0.0,0.0,33.33,33.33,0.0,25.0
nonincel,DET,38.89,0.0,0.0,55.56,0.0,5.56,0.0
pillers,DET,3.83,0.0,0.82,10.22,84.25,0.49,0.38
pinkpill,DET,0.0,0.0,87.84,12.16,0.0,0.0,0.0
pinkpilled,DET,0.0,0.0,90.91,4.55,0.0,4.55,0.0
purplepill,DET,10.53,0.0,0.0,26.32,55.26,7.89,0.0
racepill,DET,2.8,0.0,1.87,93.46,0.93,0.93,0.0
redpill,DET,3.39,0.02,0.77,15.49,79.33,0.59,0.4
redpilled,DET,0.91,0.0,0.65,12.43,85.53,0.43,0.05
redpillers,DET,11.13,0.0,3.18,27.83,55.07,1.59,1.19
redpilling,DET,3.83,0.0,1.09,7.1,87.98,0.0,0.0
redpills,DET,1.95,0.0,0.19,6.04,91.42,0.19,0.19
redpillwoman,DET,0.0,0.0,5.88,17.65,76.47,0.0,0.0
redpillwomen,DET,3.33,0.0,5.24,8.57,82.38,0.0,0.48
thebluepill,DET,2.07,0.0,0.3,2.95,93.8,0.49,0.39
theredpill,DET,3.65,0.0,0.33,10.06,84.96,0.57,0.43
truthpill,DET,0.0,0.0,0.0,96.43,3.57,0.0,0.0
volcel,DET,3.56,0.02,6.42,83.59,2.93,3.49,0.0
volceldom,DET,0.0,0.0,0.0,75.0,25.0,0.0,0.0
volcels,DET,6.04,0.0,8.42,76.34,4.85,4.36,0.0
whitepill,DET,7.07,0.0,0.0,70.71,2.02,20.2,0.0
dysgenic,DET   ,0.0,0.0,0.0,21.31,78.69,0.0,0.0
dysgenics,DET   ,0.0,0.0,0.0,19.35,80.65,0.0,0.0
afalt,DoW,0.0,0.0,0.0,28.57,71.43,0.0,0.0
afterthot,DoW,0.0,0.0,0.0,0.0,100.0,0.0,0.0
americunt,DoW,0.0,0.0,0.0,16.67,83.33,0.0,0.0
beckies,DoW,2.46,0.0,32.79,62.3,2.46,0.0,0.0
beckys,DoW,4.82,0.0,32.53,49.4,8.43,4.82,0.0
biocunt,DoW,0.0,0.0,0.0,1.92,98.08,0.0,0.0
biocunts,DoW,0.0,0.0,0.0,5.68,94.32,0.0,0.0
bitchmade,DoW,0.0,0.0,36.36,9.09,54.55,0.0,0.0
bitchute,DoW,0.0,0.0,0.0,0.0,100.0,0.0,0.0
boobily,DoW,0.0,0.0,0.0,0.0,0.0,0.0,100.0
boredfemoid,DoW,52.94,0.0,0.0,47.06,0.0,0.0,0.0
branchers,DoW,0.0,0.0,7.14,0.0,92.86,0.0,0.0
branchswing,DoW,0.0,0.0,0.0,31.82,68.18,0.0,0.0
butterfaces,DoW,0.0,0.0,48.0,32.0,20.0,0.0,0.0
camwhores,DoW,2.63,0.0,0.0,18.42,78.95,0.0,0.0
camwhoring,DoW,0.0,0.0,0.0,29.41,70.59,0.0,0.0
carouseling,DoW,0.0,0.0,0.0,0.0,100.0,0.0,0.0
chadsexuals,DoW,4.17,0.0,0.0,91.67,4.17,0.0,0.0
chimping,DoW,0.0,0.0,0.0,58.33,41.67,0.0,0.0
crotchfruit,DoW,18.75,0.0,0.0,0.0,75.0,0.0,6.25
cuckquean,DoW,0.0,0.0,10.0,30.0,60.0,0.0,0.0
cuntery,DoW,0.0,0.0,0.0,8.33,91.67,0.0,0.0
cuntfused,DoW,0.0,0.0,0.0,0.0,100.0,0.0,0.0
currywhore,DoW,0.0,0.0,0.0,100.0,0.0,0.0,0.0
damseling,DoW,0.0,0.0,0.0,5.88,94.12,0.0,0.0
ewalt,DoW,3.15,0.0,0.0,7.87,84.25,4.72,0.0
fakerape,DoW,0.0,0.0,0.0,0.0,100.0,0.0,0.0
fakeup,DoW,1.08,0.0,2.16,28.3,68.19,0.0,0.27
feeeemale,DoW,70.0,0.0,0.0,20.0,0.0,0.0,10.0
feeeemales,DoW,26.32,0.0,5.26,15.79,36.84,5.26,10.53
feeemale,DoW,26.67,0.0,13.33,26.67,20.0,0.0,13.33
feefees,DoW,4.0,0.0,5.0,28.0,62.0,1.0,0.0
femails,DoW,2.09,0.0,0.0,91.1,2.09,4.71,0.0
femaloid,DoW,45.16,0.0,0.0,54.84,0.0,0.0,0.0
femaloids,DoW,29.17,0.0,0.0,70.83,0.0,0.0,0.0
femanoid,DoW,9.52,0.0,0.0,14.29,76.19,0.0,0.0
femanon,DoW,0.0,0.0,0.0,46.67,46.67,6.67,0.0
femiod,DoW,30.0,0.0,0.0,60.0,10.0,0.0,0.0
femorrhoid,DoW,29.41,0.0,0.0,70.59,0.0,0.0,0.0
femorrhoids,DoW,16.67,0.0,0.0,83.33,0.0,0.0,0.0
foids,DoW,0.64,0.0,1.37,97.08,0.33,0.57,0.0
goblina,DoW,0.0,0.0,0.0,100.0,0.0,0.0,0.0
gynos,DoW,0.0,0.0,1.67,0.0,5.0,0.0,93.33
hambeast,DoW,0.85,0.0,1.27,22.46,75.0,0.42,0.0
hambeasts,DoW,0.0,0.0,0.0,30.63,69.37,0.0,0.0
hampstering,DoW,0.0,0.0,0.0,0.0,100.0,0.0,0.0
hamstered,DoW,0.0,0.0,0.0,1.09,98.91,0.0,0.0
hamstering,DoW,0.58,0.0,0.29,4.86,93.48,0.58,0.19
hogbeast,DoW,0.0,0.0,0.0,16.67,83.33,0.0,0.0
hoors,DoW,0.0,0.0,0.0,33.33,66.67,0.0,0.0
kunts,DoW,0.0,0.0,0.0,10.0,90.0,0.0,0.0
landwhale,DoW,3.06,0.0,1.89,58.1,35.42,1.47,0.06
landwhales,DoW,4.72,0.0,1.85,60.96,31.37,0.93,0.17
milkies,DoW,0.59,0.0,0.39,98.43,0.2,0.2,0.2
moid,DoW,0.1,0.0,96.13,3.04,0.21,0.52,0.0
monkeybranch,DoW,0.0,0.0,0.0,16.36,82.73,0.91,0.0
monkeybranched,DoW,0.0,0.0,0.0,17.65,82.35,0.0,0.0
muffington,DoW,0.0,0.0,0.0,0.0,100.0,0.0,0.0
noodlewhore,DoW,11.63,0.0,2.33,72.09,11.63,2.33,0.0
ovulators,DoW,0.0,0.0,0.0,0.0,0.0,0.0,100.0
postwall,DoW,1.11,0.0,1.11,13.33,82.22,2.22,0.0
ricewhore,DoW,0.0,0.0,0.0,100.0,0.0,0.0,0.0
ridingchad,DoW,68.75,0.0,0.0,31.25,0.0,0.0,0.0
roastflaps,DoW,0.0,0.0,0.0,90.0,0.0,10.0,0.0
roastie,DoW,8.82,0.0,1.8,79.63,8.41,1.05,0.3
roastlet,DoW,8.33,0.0,0.0,91.67,0.0,0.0,0.0
roastlets,DoW,0.0,0.0,0.0,100.0,0.0,0.0,0.0
stacylites,DoW,0.0,0.0,68.0,32.0,0.0,0.0,0.0
whaman,DoW,0.0,0.0,0.0,25.0,75.0,0.0,0.0
whamen,DoW,4.29,0.0,0.71,17.86,77.14,0.0,0.0
whamyn,DoW,0.0,0.0,0.0,11.54,88.46,0.0,0.0
womanese,DoW,0.0,0.0,0.0,5.56,94.44,0.0,0.0
wurstie,DoW,0.0,0.0,89.84,9.38,0.0,0.78,0.0
wursties,DoW,1.35,0.0,85.14,5.41,5.41,2.7,0.0
pawgs,DoW ,0.0,0.0,7.14,42.86,42.86,7.14,0.0
awalts,DoW,0.0,0.0,0.0,1.67,98.33,0.0,0.0
dependas,FR,0.0,0.0,0.0,5.26,89.47,5.26,0.0
divorcerape,FR,0.0,0.0,0.0,11.63,88.37,0.0,0.0
ghow,FR,0.0,0.0,0.0,0.85,99.15,0.0,0.0
gmow,FR,0.14,0.0,0.0,0.0,99.73,0.14,0.0
goow,FR,0.0,0.0,0.0,0.0,100.0,0.0,0.0
gyow,FR,0.0,0.0,0.03,0.18,99.69,0.09,0.0
husbank,FR,0.0,0.0,0.0,0.0,100.0,0.0,0.0
mgtoe,FR,0.0,0.0,0.0,0.0,100.0,0.0,0.0
mgtowed,FR,0.0,0.0,0.0,0.0,100.0,0.0,0.0
mgtowing,FR,0.0,0.0,0.0,3.39,96.61,0.0,0.0
mgtowism,FR,0.0,0.0,0.0,0.0,100.0,0.0,0.0
mgtowlifestyle,FR,0.0,0.0,0.0,0.0,100.0,0.0,0.0
mgtowmusic,FR,0.0,0.0,0.0,0.0,100.0,0.0,0.0
mgtowness,FR,0.0,0.0,0.0,0.0,100.0,0.0,0.0
mgtowtherapy,FR,0.0,0.0,0.0,0.0,100.0,0.0,0.0
mstow,FR,2.25,0.0,3.37,46.07,38.2,10.11,0.0
norwooding,FR,0.0,0.0,7.89,86.84,2.63,2.63,0.0
orbitor,FR,5.56,0.0,0.0,36.11,58.33,0.0,0.0
orbitors,FR,0.0,0.0,0.0,40.62,53.12,6.25,0.0
orbitter,FR,0.0,0.0,3.23,67.74,29.03,0.0,0.0
orbitters,FR,0.0,0.0,0.0,61.54,38.46,0.0,0.0
orbitting,FR,0.0,0.0,0.0,71.43,28.57,0.0,0.0
pussypass,FR,0.76,0.0,0.0,5.7,93.54,0.0,0.0
pussypassdenied,FR,1.14,0.0,0.0,6.82,90.34,0.57,1.14
pussypasses,FR,0.0,0.0,0.0,8.33,91.67,0.0,0.0
pussywhipped,FR,0.0,0.0,0.0,6.48,93.52,0.0,0.0
shittesting,FR,0.0,0.0,0.0,4.55,95.45,0.0,0.0
shittests,FR,0.0,0.0,0.0,8.89,91.11,0.0,0.0
spermjack,FR,0.0,0.0,0.0,0.0,100.0,0.0,0.0
spermjacked,FR,0.0,0.0,0.0,1.41,98.59,0.0,0.0
spermjacking,FR,0.0,0.0,0.0,0.0,98.63,0.0,1.37
gtow,FR ,0.0,0.0,0.15,0.75,99.1,0.0,0.0
vaginamony,FR ,0.0,0.0,0.0,0.0,100.0,0.0,0.0
girlfiend,FR  ,0.0,0.0,0.0,42.86,57.14,0.0,0.0
acnecel,LOA,3.7,0.0,3.7,92.59,0.0,0.0,0.0
acnecels,LOA,3.85,0.0,3.85,92.31,0.0,0.0,0.0
altrightcel,LOA,0.0,0.0,0.0,100.0,0.0,0.0,0.0
amiugly,LOA,15.2,0.0,12.16,63.83,3.04,5.47,0.3
maxxed,LOA,0.0,0.0,10.09,86.24,1.83,1.83,0.0
moger,LOA,0.0,0.0,0.0,46.67,53.33,0.0,0.0
mogged,LOA,1.2,0.0,2.13,95.37,0.19,1.11,0.0
mogger,LOA,0.0,0.0,0.0,100.0,0.0,0.0,0.0
mogging,LOA,4.25,0.0,0.94,93.4,0.0,1.42,0.0
moggs,LOA,0.0,0.0,0.0,100.0,0.0,0.0,0.0
moneymaxxed,LOA - CLASS,0.0,0.0,5.56,94.44,0.0,0.0,0.0
thugmax,LOA,2.94,0.0,0.0,97.06,0.0,0.0,0.0
trapmaxx,LOA,0.0,0.0,0.0,78.57,0.0,21.43,0.0
daygame,LOA ,0.0,0.0,0.0,40.91,59.09,0.0,0.0
smartcel,LOA ,0.0,0.0,9.09,90.91,0.0,0.0,0.0
thugmaxx,LOA ,1.75,0.0,0.0,91.23,0.0,7.02,0.0
thugmaxxed,LOA ,0.0,2.33,0.0,95.35,0.0,2.33,0.0
careermax,LOA - Class,3.33,0.0,31.67,56.67,3.33,5.0,0.0
poorcel,LOA - Class,5.13,0.0,1.71,90.6,0.0,2.56,0.0
poorcels,LOA - Class,0.0,0.0,0.0,100.0,0.0,0.0,0.0
povertycel,LOA - Class,0.0,0.0,0.0,100.0,0.0,0.0,0.0
standardcel,LOA - Class,0.0,0.0,18.18,72.73,9.09,0.0,0.0
statusmax,LOA - Class,2.86,0.0,5.71,91.43,0.0,0.0,0.0
statusmaxxing,LOA - Class,0.0,0.0,0.0,98.53,1.47,0.0,0.0
stemcel,LOA - Class,5.66,0.0,0.94,90.57,1.89,0.94,0.0
stemcelling,LOA - Class,0.0,0.0,0.0,100.0,0.0,0.0,0.0
stemcels,LOA - Class,4.84,0.0,3.23,90.32,0.0,1.61,0.0
studycel,LOA - Class,0.0,0.0,1.75,96.49,0.0,1.75,0.0
studycelling,LOA - Class,0.0,0.0,0.0,100.0,0.0,0.0,0.0
wagecel,LOA - Class,2.13,0.0,0.0,97.87,0.0,0.0,0.0
wagecelling,LOA - Class,0.0,0.0,0.0,100.0,0.0,0.0,0.0
wagecels,LOA - Class,0.0,0.0,0.0,100.0,0.0,0.0,0.0
anxietycel,LOA - MH,0.0,0.0,0.0,95.24,0.0,4.76,0.0
babydick,LOA - PA,0.0,0.0,55.56,44.44,0.0,0.0,0.0
babyfacecel,LOA - PA,0.0,0.0,0.0,100.0,0.0,0.0,0.0
babyfaced,LOA - PA,13.56,0.0,0.0,86.44,0.0,0.0,0.0
baldingcel,LOA - PA,0.0,0.0,0.0,100.0,0.0,0.0,0.0
birdcel,LOA - PA,0.0,0.0,5.13,94.87,0.0,0.0,0.0
birdcels,LOA - PA,0.0,0.0,0.0,100.0,0.0,0.0,0.0
bonestructure,LOA - PA,3.23,0.0,12.9,83.87,0.0,0.0,0.0
chadfish,LOA - PA,4.35,0.0,2.9,92.75,0.0,0.0,0.0
chadfishing,LOA - PA,0.0,0.0,0.0,96.49,1.75,1.75,0.0
chincel,LOA - PA,20.83,0.0,4.17,75.0,0.0,0.0,0.0
chincels,LOA - PA,0.0,0.0,0.0,93.75,0.0,6.25,0.0
cursedimages,LOA - PA,0.0,0.0,0.0,50.0,0.0,0.0,50.0
cutecel,LOA - PA,0.0,0.0,0.0,98.32,0.0,1.68,0.0
deformedcel,LOA - PA,0.0,0.0,0.0,100.0,0.0,0.0,0.0
degeneratemaxxing,LOA - PA,0.0,0.0,0.0,100.0,0.0,0.0,0.0
dickcel,LOA - PA,1.65,0.0,0.0,98.35,0.0,0.0,0.0
dicklet,LOA - PA,1.04,0.0,4.17,89.58,3.12,2.08,0.0
dicklets,LOA - PA,0.0,0.0,14.81,77.78,3.7,3.7,0.0
dyel,LOA - PA,0.0,0.0,0.0,81.82,18.18,0.0,0.0
eyecel,LOA - PA,18.18,0.0,0.0,81.82,0.0,0.0,0.0
facemog,LOA - PA,0.0,0.0,0.0,100.0,0.0,0.0,0.0
facemogs,LOA - PA,0.0,0.0,0.0,100.0,0.0,0.0,0.0
facewise,LOA - PA,0.0,0.0,0.0,84.62,7.69,7.69,0.0
failo,LOA - PA,2.38,0.0,0.0,95.24,0.0,2.38,0.0
fashionmaxx,LOA - PA,0.0,0.0,12.5,87.5,0.0,0.0,0.0
fashionmaxxing,LOA - PA,0.0,0.0,8.33,91.67,0.0,0.0,0.0
fatcel,LOA - PA,1.96,0.0,5.88,89.64,0.28,2.24,0.0
framecel,LOA - PA,1.83,0.0,0.0,97.72,0.0,0.46,0.0
framelet,LOA - PA,0.0,0.0,0.0,90.48,0.0,9.52,0.0
framemog,LOA - PA,0.0,0.0,0.0,100.0,0.0,0.0,0.0
framemogs,LOA - PA,0.0,0.0,0.0,100.0,0.0,0.0,0.0
fwhr,LOA - PA,2.5,0.0,0.0,95.0,0.0,2.5,0.0
gainit,LOA - PA,7.69,0.0,0.0,61.54,23.08,0.0,7.69
gigastacies,LOA - PA,0.0,0.0,66.67,33.33,0.0,0.0,0.0
gigastacy,LOA - PA,1.33,0.0,46.67,49.33,0.0,2.67,0.0
goblincel,LOA - PA,0.0,0.0,0.0,100.0,0.0,0.0,0.0
gomad,LOA - PA,5.88,0.0,0.0,47.06,47.06,0.0,0.0
gymbro,LOA - PA,10.53,0.0,0.0,21.05,63.16,5.26,0.0
gymbros,LOA - PA,0.0,0.0,0.0,66.67,33.33,0.0,0.0
gymcel,LOA - PA,2.17,0.0,0.36,95.66,0.54,1.26,0.0
gymceled,LOA - PA,0.0,0.0,0.0,100.0,0.0,0.0,0.0
gymcell,LOA - PA,0.0,0.0,0.0,95.83,0.0,4.17,0.0
gymcelled,LOA - PA,0.8,0.0,1.6,95.2,0.8,1.6,0.0
gymcelling,LOA - PA,1.01,0.0,1.26,95.83,0.13,1.77,0.0
gymcels,LOA - PA,2.74,0.0,1.25,93.27,1.75,1.0,0.0
gyming,LOA - PA,16.13,0.0,0.0,58.06,22.58,3.23,0.0
gymmax,LOA - PA,3.7,0.0,1.85,90.74,1.85,1.85,0.0
gymming,LOA - PA,4.35,0.0,6.52,58.7,23.91,6.52,0.0
handcel,LOA - PA,5.56,0.0,0.0,94.44,0.0,0.0,0.0
heightcel,LOA - PA,6.73,0.0,3.85,85.58,3.85,0.0,0.0
heightcels,LOA - PA,2.74,0.0,2.74,91.78,2.74,0.0,0.0
heightism,LOA - PA,3.38,0.0,0.0,86.77,7.08,2.77,0.0
heightist,LOA - PA,1.54,0.0,0.0,90.77,6.15,1.54,0.0
heightists,LOA - PA,4.0,0.0,0.0,88.0,8.0,0.0,0.0
heightmog,LOA - PA,2.44,0.0,2.44,95.12,0.0,0.0,0.0
heightmogging,LOA - PA,0.0,0.0,0.0,100.0,0.0,0.0,0.0
heightmogs,LOA - PA,0.0,0.0,0.0,100.0,0.0,0.0,0.0
heightpill,LOA - PA,0.0,0.0,0.0,95.0,0.0,5.0,0.0
incelselfies,LOA - PA,4.95,0.55,3.85,74.73,0.55,15.38,0.0
jawcel,LOA - PA,4.0,0.0,0.0,96.0,0.0,0.0,0.0
jawcels,LOA - PA,0.0,0.0,0.0,100.0,0.0,0.0,0.0
jawmogs,LOA - PA,0.0,0.0,0.0,100.0,0.0,0.0,0.0
lanklet,LOA - PA,1.05,0.0,1.05,96.84,1.05,0.0,0.0
lanklets,LOA - PA,0.0,0.0,0.0,100.0,0.0,0.0,0.0
legbeard,LOA - PA,9.68,0.0,3.23,29.03,58.06,0.0,0.0
legbeards,LOA - PA,3.7,0.0,0.0,22.22,74.07,0.0,0.0
manlet,LOA - PA,2.59,0.03,1.59,89.54,4.07,2.17,0.0
manletcel,LOA - PA,5.0,0.0,5.0,90.0,0.0,0.0,0.0
manletcels,LOA - PA,0.0,0.0,0.0,100.0,0.0,0.0,0.0
manletism,LOA - PA,1.79,0.0,0.0,96.43,0.0,1.79,0.0
manlets,LOA - PA,1.51,0.0,3.17,90.05,4.3,0.98,0.0
manwhale,LOA - PA,0.0,0.0,41.18,47.06,11.76,0.0,0.0
neckbearded,LOA - PA,7.69,0.0,0.0,17.95,71.79,2.56,0.0
nosecel,LOA - PA,10.34,0.0,0.0,89.66,0.0,0.0,0.0
nosecels,LOA - PA,11.11,0.0,0.0,88.89,0.0,0.0,0.0
ogrecel,LOA - PA,0.0,0.0,0.0,100.0,0.0,0.0,0.0
ogrecels,LOA - PA,0.0,0.0,0.0,100.0,0.0,0.0,0.0
okayish,LOA - PA,5.56,0.0,0.0,38.89,50.0,5.56,0.0
oldcel,LOA - PA,1.28,0.0,5.77,91.03,0.64,1.28,0.0
oldcels,LOA - PA,0.0,0.0,0.0,95.4,2.3,2.3,0.0
personalitymaxxing,LOA - PA,4.17,0.0,4.17,87.5,0.0,4.17,0.0
roidcel,LOA - PA,0.0,0.0,3.45,96.55,0.0,0.0,0.0
roidcelling,LOA - PA,0.0,0.0,0.0,100.0,0.0,0.0,0.0
roidmaxx,LOA - PA,0.0,0.0,0.0,100.0,0.0,0.0,0.0
rolleyes,LOA - PA,0.0,0.0,0.0,5.88,94.12,0.0,0.0
shortcel,LOA - PA,1.22,0.0,0.61,95.12,1.22,1.83,0.0
shortcels,LOA - PA,4.82,0.0,1.32,92.98,0.44,0.44,0.0
showermaxxing,LOA - PA,0.0,0.0,0.0,100.0,0.0,0.0,0.0
skinnycels,LOA - PA,0.0,0.0,21.43,78.57,0.0,0.0,0.0
skullcel,LOA - PA,10.0,0.0,0.0,90.0,0.0,0.0,0.0
skullmogged,LOA - PA,100.0,0.0,0.0,0.0,0.0,0.0,0.0
stacys,LOA - PA,7.12,0.0,17.64,67.59,2.76,4.89,0.0
stblackops,LOA - PA,5.26,0.0,0.0,94.74,0.0,0.0,0.0
stblackopscel,LOA - PA,0.0,0.0,0.0,100.0,0.0,0.0,0.0
studymaxxing,LOA - PA,0.0,0.0,0.0,100.0,0.0,0.0,0.0
surgerymaxing,LOA - PA,0.0,0.0,0.0,92.86,0.0,7.14,0.0
surgerymaxxing,LOA - PA,0.0,0.0,3.3,93.41,0.0,3.3,0.0
tallcel,LOA - PA,1.02,0.0,12.24,84.69,0.0,2.04,0.0
trollcel,LOA - PA,16.67,0.0,0.0,83.33,0.0,0.0,0.0
truecel,LOA - PA,3.36,0.41,1.3,91.85,0.34,2.74,0.0
truecell,LOA - PA,0.0,0.0,0.0,100.0,0.0,0.0,0.0
uggocel,LOA - PA,14.71,0.0,2.94,73.53,0.0,8.82,0.0
uglycel,LOA - PA,2.7,0.0,2.7,89.19,5.41,0.0,0.0
uglyduckling,LOA - PA,5.26,0.0,10.53,52.63,31.58,0.0,0.0
unmoggable,LOA - PA,0.0,0.0,0.0,100.0,0.0,0.0,0.0
vocel,LOA - PA,8.48,1.21,4.85,72.73,10.3,2.42,0.0
vocels,LOA - PA,6.67,3.33,3.33,83.33,3.33,0.0,0.0
voicecel,LOA - PA,3.7,0.0,0.0,92.59,3.7,0.0,0.0
voicel,LOA - PA,0.0,0.0,0.0,85.71,14.29,0.0,0.0
voicels,LOA - PA,0.0,0.0,0.0,100.0,0.0,0.0,0.0
womanlets,LOA - PA,0.0,0.0,7.14,78.57,14.29,0.0,0.0
wristcel,LOA - PA,13.56,0.0,0.0,85.31,0.0,1.13,0.0
wristcels,LOA - PA,16.98,0.0,0.0,79.25,0.0,3.77,0.0
wristmogs,LOA - PA,0.0,0.0,0.0,100.0,0.0,0.0,0.0
wswswy,LOA - PA,100.0,0.0,0.0,0.0,0.0,0.0,0.0
youngcel,LOA - PA,3.12,0.0,0.0,95.31,0.0,1.56,0.0
youngcels,LOA - PA,0.95,0.0,0.95,97.14,0.0,0.95,0.0
bloatmaxx,LOA - PA ,0.0,0.0,0.0,85.71,14.29,0.0,0.0
bloatmaxxing,LOA - PA ,0.0,0.0,0.0,100.0,0.0,0.0,0.0
lookism,LOA - PA ,11.28,0.29,8.11,74.84,2.16,3.31,0.0
lookist,LOA - PA ,5.19,0.0,7.41,72.59,5.19,9.63,0.0
lookists,LOA - PA ,7.89,0.0,0.0,76.32,13.16,2.63,0.0
lookmatch,LOA - PA ,4.55,0.0,18.18,77.27,0.0,0.0,0.0
lookmaxing,LOA - PA ,0.0,0.0,25.0,55.0,10.0,10.0,0.0
lookmaxx,LOA - PA ,0.0,0.0,50.0,44.12,2.94,2.94,0.0
looksism,LOA - PA ,47.62,0.0,9.52,28.57,2.38,11.9,0.0
lookslevel,LOA - PA ,0.0,0.0,5.0,95.0,0.0,0.0,0.0
looksmatch,LOA - PA ,4.54,0.04,15.88,74.19,1.96,3.4,0.0
looksmatched,LOA - PA ,4.98,0.0,3.91,87.19,1.42,2.49,0.0
looksmatching,LOA - PA ,22.73,1.52,3.03,66.67,0.0,6.06,0.0
looksmax,LOA - PA ,2.72,0.0,18.55,74.84,1.3,2.59,0.0
looksmaxed,LOA - PA ,4.68,0.0,8.19,78.95,2.34,5.85,0.0
lookstheory,LOA - PA ,9.52,0.0,0.0,85.71,0.0,4.76,0.0
lookswise,LOA - PA ,3.16,0.0,15.79,62.11,13.68,5.26,0.0
maxcel,LOA - PA ,28.57,0.0,0.0,71.43,0.0,0.0,0.0
maxcell,LOA - PA ,90.0,0.0,0.0,5.0,0.0,5.0,0.0
blackopscel,LOA - Pol ,8.96,0.0,0.0,89.55,0.0,1.49,0.0
nazicel,LOA - Pol ,0.0,0.0,6.25,93.75,0.0,0.0,0.0
nazicels,LOA - Pol ,7.14,0.0,0.0,92.86,0.0,0.0,0.0
amwf,LOA - Race,1.41,2.82,26.76,67.61,1.41,0.0,0.0
arabcel,LOA - Race,0.0,0.0,6.67,93.33,0.0,0.0,0.0
asiancel,LOA - Race,8.33,0.0,8.33,79.17,0.0,4.17,0.0
asiancels,LOA - Race,2.56,0.0,0.0,97.44,0.0,0.0,0.0
beancel,LOA - Race,0.0,0.0,0.0,100.0,0.0,0.0,0.0
blackcel,LOA - Race,6.86,0.0,1.47,88.24,0.0,3.43,0.0
blackcels,LOA - Race,3.06,0.0,2.18,92.58,0.44,1.75,0.0
browncels,LOA - Race,0.0,0.0,0.0,100.0,0.0,0.0,0.0
caucasoids,LOA - Race,50.0,0.0,0.0,0.0,50.0,0.0,0.0
currycells,LOA - Race,2.44,0.0,0.0,97.56,0.0,0.0,0.0
currycels,LOA - Race,1.14,0.0,0.95,97.16,0.09,0.66,0.0
currypill,LOA - Race,2.56,0.0,0.0,97.44,0.0,0.0,0.0
ethniccel,LOA - Race,4.0,0.0,0.0,96.0,0.0,0.0,0.0
ethnicels,LOA - Race,2.44,0.0,7.93,85.98,0.0,3.66,0.0
hapacel,LOA - Race,7.69,0.0,0.0,92.31,0.0,0.0,0.0
hapacels,LOA - Race,0.0,0.0,0.0,100.0,0.0,0.0,0.0
jewcel,LOA - Race,7.69,0.0,0.0,92.31,0.0,0.0,0.0
jewcels,LOA - Race,0.0,0.0,4.76,95.24,0.0,0.0,0.0
justbewhite,LOA - Race,0.0,0.0,0.0,100.0,0.0,0.0,0.0
kebabcel,LOA - Race,0.0,0.0,10.53,89.47,0.0,0.0,0.0
kebabcels,LOA - Race,0.0,0.0,0.0,100.0,0.0,0.0,0.0
mudshark,LOA - Race,0.0,0.0,0.0,16.0,84.0,0.0,0.0
mudsharks,LOA - Race,7.14,0.0,0.0,42.86,50.0,0.0,0.0
muslimcel,LOA - Race,0.0,0.0,0.0,100.0,0.0,0.0,0.0
muslimcels,LOA - Race,0.0,0.0,5.26,89.47,0.0,5.26,0.0
racecoping,LOA - Race,0.0,0.0,0.0,90.0,0.0,10.0,0.0
ricecel,LOA - Race,3.62,0.0,1.01,94.37,0.8,0.2,0.0
ricecels,LOA - Race,1.07,0.0,0.24,98.33,0.0,0.36,0.0
sandcel,LOA - Race,2.22,0.0,0.0,97.78,0.0,0.0,0.0
sandcels,LOA - Race,0.0,0.0,0.0,100.0,0.0,0.0,0.0
slavcel,LOA - Race,0.0,0.0,14.29,85.71,0.0,0.0,0.0
stormfrontcel,LOA - Race,0.0,0.0,0.0,100.0,0.0,0.0,0.0
stormfrontcels,LOA - Race,0.0,0.0,6.25,93.75,0.0,0.0,0.0
terroristcels,LOA - Race,0.0,0.0,0.0,100.0,0.0,0.0,0.0
tryone,LOA - Race,0.0,0.0,6.67,40.0,53.33,0.0,0.0
turbancel,LOA - Race,0.0,0.0,0.0,100.0,0.0,0.0,0.0
tyrones,LOA - Race,1.69,0.0,0.84,62.06,33.56,1.52,0.34
tyronne,LOA - Race,0.0,0.0,0.0,17.24,82.76,0.0,0.0
brocel,LOA - SM,0.0,0.0,0.0,100.0,0.0,0.0,0.0
brothercel,LOA - SM,11.32,0.0,0.0,84.91,1.89,1.89,0.0
brothercels,LOA - SM,8.33,0.0,0.0,91.67,0.0,0.0,0.0
calculatorcel,LOA - SM,18.18,0.0,0.0,81.82,0.0,0.0,0.0
drugcel,LOA - SM,0.0,0.0,0.0,86.96,0.0,13.04,0.0
dumbcel,LOA - SM,0.0,0.0,0.0,94.44,0.0,0.0,5.56
dumbcels,LOA - SM,0.0,0.0,0.0,100.0,0.0,0.0,0.0
escortcel,LOA - SM,6.52,0.0,0.87,87.83,2.17,2.61,0.0
escortceling,LOA - SM,0.0,0.0,0.0,90.91,2.27,6.82,0.0
escortcelling,LOA - SM,2.38,0.0,0.0,92.86,0.0,4.76,0.0
escortcels,LOA - SM,8.11,1.35,4.05,81.08,2.7,2.7,0.0
fellowcels,LOA - SM,0.0,0.0,0.0,100.0,0.0,0.0,0.0
finalfantasycel,LOA - SM,0.0,0.0,0.0,100.0,0.0,0.0,0.0
incelistan,LOA - SM,0.44,0.0,0.0,99.13,0.0,0.44,0.0
incellah,LOA - SM,0.0,0.0,0.0,100.0,0.0,0.0,0.0
incelocalypse,LOA - SM,58.33,0.0,0.0,37.5,0.0,4.17,0.0
incelosphere,LOA - SM,16.0,0.0,0.0,80.0,0.0,4.0,0.0
incelqueer,LOA - SM,0.0,0.0,0.0,95.0,5.0,0.0,0.0
incelqueers,LOA - SM,8.33,0.0,0.0,88.33,3.33,0.0,0.0
incelspeak,LOA - SM,57.14,0.0,0.0,28.57,14.29,0.0,0.0
incelsphere,LOA - SM,52.63,0.0,0.0,42.11,0.0,5.26,0.0
iqcel,LOA - SM,0.0,0.0,1.04,98.96,0.0,0.0,0.0
iqcels,LOA - SM,0.0,0.0,0.0,100.0,0.0,0.0,0.0
itcels,LOA - SM,0.0,0.0,7.14,92.86,0.0,0.0,0.0
iters,LOA - SM,14.71,0.0,0.0,76.47,0.0,8.82,0.0
lazycel,LOA - SM,0.0,0.0,0.0,100.0,0.0,0.0,0.0
locationcel,LOA - SM,7.14,0.0,5.36,87.5,0.0,0.0,0.0
lowiqcel,LOA - SM,0.0,0.0,4.62,95.38,0.0,0.0,0.0
lowiqcels,LOA - SM,0.0,0.0,0.0,97.06,2.94,0.0,0.0
modricel,LOA - SM,0.0,0.0,0.0,100.0,0.0,0.0,0.0
neetcel,LOA - SM,2.27,0.0,0.0,97.73,0.0,0.0,0.0
neetcels,LOA - SM,4.17,0.0,0.0,95.83,0.0,0.0,0.0
neetdom,LOA - SM,0.0,0.0,3.33,70.0,16.67,10.0,0.0
neeting,LOA - SM,5.88,0.0,0.0,82.35,0.0,11.76,0.0
pedocel,LOA - SM,10.0,0.0,0.0,90.0,0.0,0.0,0.0
pedocels,LOA - SM,12.5,0.0,0.0,87.5,0.0,0.0,0.0
weebcel,LOA - SM,0.0,0.0,0.0,93.33,0.0,6.67,0.0
weebcels,LOA - SM,0.0,0.0,0.0,77.78,0.0,22.22,0.0
braincell,Member,21.74,4.35,0.0,17.39,52.17,4.35,0.0
femcel,Member,0.97,0.0,78.54,13.72,1.11,5.67,0.0
femcels,Member,1.16,0.0,69.66,18.2,2.09,8.89,0.0
incels,Member,24.25,0.39,3.49,53.56,10.5,7.4,0.42
mghow,Member,0.0,0.0,0.0,0.0,99.8,0.2,0.0
mgotw,Member,2.38,0.0,0.0,2.98,94.64,0.0,0.0
mgow,Member,0.0,0.0,0.0,0.0,100.0,0.0,0.0
mgtowers,Member,0.24,0.0,0.24,6.71,92.81,0.0,0.0
mgtows,Member,0.65,0.01,0.3,2.16,96.47,0.4,0.02
migtow,Member,0.0,0.0,0.0,0.0,100.0,0.0,0.0
trper,Member,5.0,0.0,0.0,10.0,83.33,0.0,1.67
truefemcels,Member,0.0,0.0,16.25,68.75,5.0,10.0,0.0
austistic,MH,0.0,0.0,0.0,40.0,40.0,20.0,0.0
copers,MH,0.67,0.0,0.67,92.93,3.7,2.02,0.0
deathfuel,MH,0.0,0.0,0.0,100.0,0.0,0.0,0.0
gigacope,MH,0.81,0.0,0.81,95.16,0.81,2.42,0.0
gymcope,MH,0.0,0.0,0.0,100.0,0.0,0.0,0.0
hopecel,MH,6.25,0.0,0.0,75.0,0.0,18.75,0.0
hopefuel,MH,0.0,0.0,12.5,87.5,0.0,0.0,0.0
itsover,MH,5.0,0.0,0.0,95.0,0.0,0.0,0.0
ldar,MH,5.29,0.03,2.18,88.71,1.27,2.51,0.0
ldared,MH,0.0,0.0,5.26,94.74,0.0,0.0,0.0
ldaring,MH,3.95,0.0,1.75,88.6,1.54,4.17,0.0
lifefuel,MH,2.33,0.0,6.61,88.47,0.39,2.2,0.0
megacope,MH,0.0,0.0,0.0,95.0,5.0,0.0,0.0
mental cel,MH,,,,,,,
mentalcel,MH,1.33,0.05,7.59,86.93,0.32,3.77,0.0
mentalcels,MH,1.81,0.0,4.52,87.8,0.11,5.76,0.0
monkmode,MH,0.0,0.0,0.0,3.51,92.98,3.51,0.0
nsfl,MH,3.28,0.0,0.0,13.11,72.13,0.0,11.48
personalitycels,MH,0.0,0.0,25.0,68.75,0.0,6.25,0.0
ragefuel,MH,2.22,0.0,1.48,92.59,2.22,1.48,0.0
sanctionedsuicide,MH,14.29,0.0,2.38,64.29,16.67,2.38,0.0
suicidefuel,MH,1.82,0.0,1.82,94.55,0.0,1.82,0.0
suicidewatch,MH,45.14,0.0,4.86,27.08,19.44,3.47,0.0
suiciding,MH,4.0,0.0,2.0,54.0,38.0,2.0,0.0
suifeul,MH,0.0,0.0,16.67,83.33,0.0,0.0,0.0
suifuel,MH,1.4,0.0,12.07,84.27,0.22,2.05,0.0
suiwatch,MH,0.0,0.0,0.0,100.0,0.0,0.0,0.0
supportcel,MH,43.69,0.0,0.0,28.16,0.0,28.16,0.0
desexualized,OF,30.0,0.0,0.0,40.0,30.0,0.0,0.0
femcentric,OF,0.0,0.0,0.0,0.0,100.0,0.0,0.0
feminasties,OF,0.0,0.0,0.0,0.0,100.0,0.0,0.0
feminizes,OF,11.11,0.0,0.0,16.67,72.22,0.0,0.0
femnazi,OF,1.72,0.0,0.0,8.62,89.66,0.0,0.0
fempire,OF,0.0,0.0,0.0,33.33,58.33,0.0,8.33
fempocalypse,OF,0.0,0.0,0.0,0.0,100.0,0.0,0.0
femspeak,OF,0.0,0.0,0.0,0.0,80.0,20.0,0.0
femtard,OF,0.0,0.0,0.0,2.7,97.3,0.0,0.0
gynocentic,OF,0.0,0.0,0.0,0.0,100.0,0.0,0.0
gynocentrics,OF,0.0,0.0,0.0,7.14,92.86,0.0,0.0
gynocracy,OF,0.0,0.0,0.0,2.25,97.23,0.52,0.0
gynocratic,OF,0.0,0.0,0.0,1.23,98.77,0.0,0.0
meetoo,OF,0.0,0.0,0.0,7.84,92.16,0.0,0.0
meninism,OF,1.96,0.0,0.0,9.8,88.24,0.0,0.0
menkampf,OF,0.0,0.0,0.0,0.0,100.0,0.0,0.0
mensez,OF,0.0,0.0,0.0,0.0,0.0,0.0,100.0
misandrous,OF,7.69,0.0,0.0,7.69,76.92,7.69,0.0
muhsoggyknee,OF,0.0,0.0,0.0,36.36,63.64,0.0,0.0
nawalts,OF,0.0,0.0,0.0,1.61,98.27,0.12,0.0
oppreshun,OF,0.0,0.0,0.0,0.0,100.0,0.0,0.0
pedestalise,OF,0.0,0.0,0.0,0.0,100.0,0.0,0.0
pedestalization,OF,0.0,0.0,0.0,4.08,91.84,4.08,0.0
pedestalize,OF,1.94,0.0,2.91,11.65,81.55,1.94,0.0
pedestalized,OF,2.63,0.0,2.63,18.42,73.68,2.63,0.0
pedestalizing,OF,0.97,0.0,0.0,6.8,89.32,2.91,0.0
plowhorse,OF,7.69,0.0,0.0,7.69,84.62,0.0,0.0
poundmetoo,OF,0.0,0.0,0.0,0.53,99.47,0.0,0.0
providership,OF,0.0,0.0,0.0,7.69,92.31,0.0,0.0
pussification,OF,0.0,0.0,0.0,3.92,96.08,0.0,0.0
pussyhat,OF,0.0,0.0,0.0,0.0,100.0,0.0,0.0
tradcon,OF,0.35,0.0,0.17,0.98,98.5,0.0,0.0
tradcons,OF,0.24,0.0,0.06,1.09,98.55,0.06,0.0
tradcuckery,OF,0.0,0.0,0.0,0.0,100.0,0.0,0.0
tradecon,OF,0.0,0.0,0.0,0.0,100.0,0.0,0.0
tradthot,OF,0.0,0.0,1.18,4.71,94.12,0.0,0.0
tradthots,OF,0.0,0.0,0.0,9.28,90.72,0.0,0.0
tradwife,OF,0.0,0.0,11.11,0.0,88.89,0.0,0.0
trannymax,OF,0.0,0.0,0.0,100.0,0.0,0.0,0.0
trannymaxx,OF,0.0,0.0,0.0,100.0,0.0,0.0,0.0
triggerd,OF,0.0,0.0,0.0,36.36,63.64,0.0,0.0
trigglypuff,OF,2.27,0.0,0.0,4.55,93.18,0.0,0.0
womansplain,OF,0.0,0.0,0.0,30.0,60.0,0.0,10.0
womanspreading,OF,0.0,0.0,0.0,0.0,100.0,0.0,0.0
soginy,OF ,0.0,0.0,0.0,0.0,100.0,0.0,0.0
acalt,TM,0.0,0.0,0.0,4.55,95.45,0.0,0.0
biotroofs,TM,0.0,0.0,0.0,40.0,60.0,0.0,0.0
biotruth,TM,0.0,0.0,0.0,0.0,0.0,0.0,100.0
biotruths,TM,66.67,0.0,0.0,16.67,0.0,0.0,16.67
boobologist,TM,0.0,0.0,0.0,0.0,0.0,0.0,100.0
catcel,TM,11.11,0.0,0.0,88.89,0.0,0.0,0.0
catcels,TM,0.0,0.0,0.0,100.0,0.0,0.0,0.0
dogpill,TM,3.57,0.0,0.0,75.0,3.57,17.86,0.0
inceldense,TM,31.25,0.0,0.0,62.5,0.0,6.25,0.0
inceltards,TM,5.0,0.0,0.0,95.0,0.0,0.0,0.0
incelz,TM,0.0,0.0,0.0,66.67,22.22,11.11,0.0
inzel,TM,4.35,0.0,0.0,86.96,4.35,4.35,0.0
jooz,TM,0.0,0.0,0.0,53.85,46.15,0.0,0.0
misogynatomy,TM,0.0,0.0,0.0,1.79,0.0,0.0,98.21
nopoop,TM,0.0,0.0,0.0,3.85,96.15,0.0,0.0
pigtow,TM,17.65,0.0,0.0,0.0,82.35,0.0,0.0
poscels,TM,30.0,0.0,0.0,22.5,0.0,47.5,0.0
puahate,TM,20.59,0.0,0.0,59.8,6.86,11.76,0.98
racistcel,TM,0.0,0.0,0.0,100.0,0.0,0.0,0.0
rapecel,TM,10.0,0.0,0.0,80.0,0.0,10.0,0.0
retardcel,TM,0.0,0.0,0.0,100.0,0.0,0.0,0.0
retardcels,TM,0.0,0.0,0.0,100.0,0.0,0.0,0.0
rightcels,TM,0.0,0.0,0.0,95.24,0.0,4.76,0.0
righters,TM,5.79,0.0,1.65,52.07,39.67,0.0,0.83
terper,TM,7.69,0.0,23.08,38.46,23.08,0.0,7.69
terpers,TM,8.7,0.0,0.0,13.04,78.26,0.0,0.0
